{
 "cells": [
  {
   "cell_type": "code",
   "execution_count": 1,
   "metadata": {},
   "outputs": [
    {
     "name": "stdout",
     "output_type": "stream",
     "text": [
      "[0 1 2 3 4 5]\n"
     ]
    }
   ],
   "source": [
    "import numpy as np\n",
    "x = np.arange(6)\n",
    "print(x)"
   ]
  },
  {
   "cell_type": "code",
   "execution_count": 2,
   "metadata": {},
   "outputs": [
    {
     "name": "stdout",
     "output_type": "stream",
     "text": [
      "[[0 1]\n",
      " [2 3]\n",
      " [4 5]]\n"
     ]
    }
   ],
   "source": [
    "y = x.reshape((3, 2))\n",
    "print(y)"
   ]
  },
  {
   "cell_type": "code",
   "execution_count": 3,
   "metadata": {},
   "outputs": [
    {
     "data": {
      "text/plain": [
       "array([[0, 1, 2],\n",
       "       [3, 4, 5]])"
      ]
     },
     "execution_count": 3,
     "metadata": {},
     "output_type": "execute_result"
    }
   ],
   "source": [
    "x = np.array([[0, 1, 2], [3, 4, 5]])\n",
    "x"
   ]
  },
  {
   "cell_type": "code",
   "execution_count": 4,
   "metadata": {},
   "outputs": [
    {
     "data": {
      "text/plain": [
       "array([0, 1, 2, 3, 4, 5])"
      ]
     },
     "execution_count": 4,
     "metadata": {},
     "output_type": "execute_result"
    }
   ],
   "source": [
    "y = np.reshape(x, 6)\n",
    "y"
   ]
  },
  {
   "cell_type": "code",
   "execution_count": 5,
   "metadata": {},
   "outputs": [
    {
     "name": "stdout",
     "output_type": "stream",
     "text": [
      "[[0 1 2]\n",
      " [3 4 5]]\n"
     ]
    }
   ],
   "source": [
    "print(x)"
   ]
  },
  {
   "cell_type": "code",
   "execution_count": 6,
   "metadata": {},
   "outputs": [
    {
     "data": {
      "text/plain": [
       "array([0, 1, 2, 3, 4, 5])"
      ]
     },
     "execution_count": 6,
     "metadata": {},
     "output_type": "execute_result"
    }
   ],
   "source": [
    "y = np.ravel(x)\n",
    "y"
   ]
  },
  {
   "cell_type": "code",
   "execution_count": 7,
   "metadata": {},
   "outputs": [
    {
     "name": "stdout",
     "output_type": "stream",
     "text": [
      "[0 1 2 3 4 5]\n"
     ]
    }
   ],
   "source": [
    "y = x.flatten()\n",
    "print(y)"
   ]
  },
  {
   "cell_type": "code",
   "execution_count": 8,
   "metadata": {},
   "outputs": [
    {
     "name": "stdout",
     "output_type": "stream",
     "text": [
      "[0 1 2 3 4 5]\n"
     ]
    }
   ],
   "source": [
    "y = x.flatten('C')\n",
    "print(y)"
   ]
  },
  {
   "cell_type": "code",
   "execution_count": 9,
   "metadata": {},
   "outputs": [
    {
     "name": "stdout",
     "output_type": "stream",
     "text": [
      "[0 3 1 4 2 5]\n"
     ]
    }
   ],
   "source": [
    "y = x.flatten('F')\n",
    "print(y)"
   ]
  },
  {
   "cell_type": "code",
   "execution_count": 10,
   "metadata": {},
   "outputs": [
    {
     "name": "stdout",
     "output_type": "stream",
     "text": [
      "uint8\n",
      "[1 2 3] [4 5 6]\n"
     ]
    }
   ],
   "source": [
    "x = np.array([1, 2, 3], dtype = np.uint8)\n",
    "y = np.array([4, 5, 6], dtype = np.uint8)\n",
    "\n",
    "print(x.dtype)\n",
    "print(x, y)"
   ]
  },
  {
   "cell_type": "code",
   "execution_count": 11,
   "metadata": {},
   "outputs": [
    {
     "data": {
      "text/plain": [
       "array([[1, 2, 3],\n",
       "       [4, 5, 6]], dtype=uint8)"
      ]
     },
     "execution_count": 11,
     "metadata": {},
     "output_type": "execute_result"
    }
   ],
   "source": [
    "z = np.stack((x, y))\n",
    "z"
   ]
  },
  {
   "cell_type": "code",
   "execution_count": 12,
   "metadata": {},
   "outputs": [
    {
     "data": {
      "text/plain": [
       "array([[1, 2, 3],\n",
       "       [4, 5, 6]], dtype=uint8)"
      ]
     },
     "execution_count": 12,
     "metadata": {},
     "output_type": "execute_result"
    }
   ],
   "source": [
    "z = np.stack((x, y), axis = 0)\n",
    "z"
   ]
  },
  {
   "cell_type": "code",
   "execution_count": 13,
   "metadata": {},
   "outputs": [
    {
     "data": {
      "text/plain": [
       "array([[1, 4],\n",
       "       [2, 5],\n",
       "       [3, 6]], dtype=uint8)"
      ]
     },
     "execution_count": 13,
     "metadata": {},
     "output_type": "execute_result"
    }
   ],
   "source": [
    "z = np.stack((x, y), axis = 1)\n",
    "z"
   ]
  },
  {
   "cell_type": "code",
   "execution_count": 14,
   "metadata": {},
   "outputs": [
    {
     "data": {
      "text/plain": [
       "array([[1, 4],\n",
       "       [2, 5],\n",
       "       [3, 6]], dtype=uint8)"
      ]
     },
     "execution_count": 14,
     "metadata": {},
     "output_type": "execute_result"
    }
   ],
   "source": [
    "z = np.stack((x, y), axis = -1)\n",
    "z"
   ]
  },
  {
   "cell_type": "code",
   "execution_count": 15,
   "metadata": {},
   "outputs": [
    {
     "data": {
      "text/plain": [
       "array([[[1, 4],\n",
       "        [2, 5],\n",
       "        [3, 6]]], dtype=uint8)"
      ]
     },
     "execution_count": 15,
     "metadata": {},
     "output_type": "execute_result"
    }
   ],
   "source": [
    "z = np.dstack((x, y))\n",
    "z"
   ]
  },
  {
   "cell_type": "code",
   "execution_count": 16,
   "metadata": {},
   "outputs": [
    {
     "data": {
      "text/plain": [
       "(1, 3, 2)"
      ]
     },
     "execution_count": 16,
     "metadata": {},
     "output_type": "execute_result"
    }
   ],
   "source": [
    "z.shape"
   ]
  },
  {
   "cell_type": "code",
   "execution_count": 17,
   "metadata": {},
   "outputs": [
    {
     "data": {
      "text/plain": [
       "array([1, 2, 3, 4, 5, 6], dtype=uint8)"
      ]
     },
     "execution_count": 17,
     "metadata": {},
     "output_type": "execute_result"
    }
   ],
   "source": [
    "z = np.hstack((x, y))\n",
    "z"
   ]
  },
  {
   "cell_type": "code",
   "execution_count": 18,
   "metadata": {},
   "outputs": [
    {
     "data": {
      "text/plain": [
       "array([[1, 2, 3],\n",
       "       [4, 5, 6]], dtype=uint8)"
      ]
     },
     "execution_count": 18,
     "metadata": {},
     "output_type": "execute_result"
    }
   ],
   "source": [
    "z = np.vstack((x, y))\n",
    "z"
   ]
  },
  {
   "cell_type": "code",
   "execution_count": 19,
   "metadata": {},
   "outputs": [
    {
     "data": {
      "text/plain": [
       "array([0, 1, 2, 3, 4, 5, 6, 7, 8])"
      ]
     },
     "execution_count": 19,
     "metadata": {},
     "output_type": "execute_result"
    }
   ],
   "source": [
    "x = np.arange(9)\n",
    "x"
   ]
  },
  {
   "cell_type": "code",
   "execution_count": 20,
   "metadata": {},
   "outputs": [
    {
     "name": "stdout",
     "output_type": "stream",
     "text": [
      "[0 1 2] [3 4 5] [6 7 8]\n"
     ]
    }
   ],
   "source": [
    "a, b, c = np.split(x, 3)\n",
    "print(a, b, c)"
   ]
  },
  {
   "cell_type": "code",
   "execution_count": 21,
   "metadata": {},
   "outputs": [
    {
     "name": "stdout",
     "output_type": "stream",
     "text": [
      "[[[0.14249405 0.96384068 0.01598192 0.00597196]\n",
      "  [0.74438331 0.41600995 0.93160872 0.74638548]\n",
      "  [0.7140135  0.89527952 0.95777834 0.64024307]\n",
      "  [0.86750234 0.29897944 0.30681925 0.35650036]]\n",
      "\n",
      " [[0.1752979  0.12231668 0.24608423 0.49064338]\n",
      "  [0.49968846 0.01542618 0.80590284 0.07365834]\n",
      "  [0.46311013 0.97976332 0.53359996 0.64988243]\n",
      "  [0.69423274 0.98436522 0.1872945  0.3903476 ]]\n",
      "\n",
      " [[0.34822863 0.27514472 0.59539204 0.372425  ]\n",
      "  [0.88153991 0.91741734 0.4613613  0.00418687]\n",
      "  [0.74088528 0.81673077 0.59399834 0.48838136]\n",
      "  [0.3400189  0.87056946 0.30492964 0.92468689]]\n",
      "\n",
      " [[0.26378266 0.64758093 0.36763613 0.81987351]\n",
      "  [0.58535681 0.93717301 0.47628268 0.40590749]\n",
      "  [0.74403001 0.2156577  0.32240005 0.22685362]\n",
      "  [0.54724939 0.9522179  0.53411908 0.20150109]]]\n"
     ]
    }
   ],
   "source": [
    "x = np.random.rand(4, 4, 4)\n",
    "print(x)"
   ]
  },
  {
   "cell_type": "code",
   "execution_count": 23,
   "metadata": {},
   "outputs": [
    {
     "name": "stdout",
     "output_type": "stream",
     "text": [
      "[[[0.14249405 0.96384068 0.01598192 0.00597196]\n",
      "  [0.74438331 0.41600995 0.93160872 0.74638548]\n",
      "  [0.7140135  0.89527952 0.95777834 0.64024307]\n",
      "  [0.86750234 0.29897944 0.30681925 0.35650036]]\n",
      "\n",
      " [[0.1752979  0.12231668 0.24608423 0.49064338]\n",
      "  [0.49968846 0.01542618 0.80590284 0.07365834]\n",
      "  [0.46311013 0.97976332 0.53359996 0.64988243]\n",
      "  [0.69423274 0.98436522 0.1872945  0.3903476 ]]] [[[0.34822863 0.27514472 0.59539204 0.372425  ]\n",
      "  [0.88153991 0.91741734 0.4613613  0.00418687]\n",
      "  [0.74088528 0.81673077 0.59399834 0.48838136]\n",
      "  [0.3400189  0.87056946 0.30492964 0.92468689]]\n",
      "\n",
      " [[0.26378266 0.64758093 0.36763613 0.81987351]\n",
      "  [0.58535681 0.93717301 0.47628268 0.40590749]\n",
      "  [0.74403001 0.2156577  0.32240005 0.22685362]\n",
      "  [0.54724939 0.9522179  0.53411908 0.20150109]]]\n"
     ]
    }
   ],
   "source": [
    "y, z = np.split(x, 2)\n",
    "print(y, z)"
   ]
  },
  {
   "cell_type": "code",
   "execution_count": 24,
   "metadata": {},
   "outputs": [
    {
     "name": "stdout",
     "output_type": "stream",
     "text": [
      "(4, 4, 4)\n",
      "(2, 4, 4)\n",
      "(2, 4, 4)\n"
     ]
    }
   ],
   "source": [
    "print(x.shape)\n",
    "print(y.shape)\n",
    "print(z.shape)"
   ]
  },
  {
   "cell_type": "code",
   "execution_count": 25,
   "metadata": {},
   "outputs": [
    {
     "name": "stdout",
     "output_type": "stream",
     "text": [
      "[[[0.14249405 0.96384068]\n",
      "  [0.74438331 0.41600995]\n",
      "  [0.7140135  0.89527952]\n",
      "  [0.86750234 0.29897944]]\n",
      "\n",
      " [[0.1752979  0.12231668]\n",
      "  [0.49968846 0.01542618]\n",
      "  [0.46311013 0.97976332]\n",
      "  [0.69423274 0.98436522]]\n",
      "\n",
      " [[0.34822863 0.27514472]\n",
      "  [0.88153991 0.91741734]\n",
      "  [0.74088528 0.81673077]\n",
      "  [0.3400189  0.87056946]]\n",
      "\n",
      " [[0.26378266 0.64758093]\n",
      "  [0.58535681 0.93717301]\n",
      "  [0.74403001 0.2156577 ]\n",
      "  [0.54724939 0.9522179 ]]] [[[0.01598192 0.00597196]\n",
      "  [0.93160872 0.74638548]\n",
      "  [0.95777834 0.64024307]\n",
      "  [0.30681925 0.35650036]]\n",
      "\n",
      " [[0.24608423 0.49064338]\n",
      "  [0.80590284 0.07365834]\n",
      "  [0.53359996 0.64988243]\n",
      "  [0.1872945  0.3903476 ]]\n",
      "\n",
      " [[0.59539204 0.372425  ]\n",
      "  [0.4613613  0.00418687]\n",
      "  [0.59399834 0.48838136]\n",
      "  [0.30492964 0.92468689]]\n",
      "\n",
      " [[0.36763613 0.81987351]\n",
      "  [0.47628268 0.40590749]\n",
      "  [0.32240005 0.22685362]\n",
      "  [0.53411908 0.20150109]]]\n"
     ]
    }
   ],
   "source": [
    "y, z = np.dsplit(x, 2)\n",
    "print(y, z)"
   ]
  },
  {
   "cell_type": "code",
   "execution_count": 26,
   "metadata": {},
   "outputs": [
    {
     "name": "stdout",
     "output_type": "stream",
     "text": [
      "(4, 4, 4)\n",
      "(4, 4, 2)\n",
      "(4, 4, 2)\n"
     ]
    }
   ],
   "source": [
    "print(x.shape)\n",
    "print(y.shape)\n",
    "print(z.shape)"
   ]
  },
  {
   "cell_type": "code",
   "execution_count": 27,
   "metadata": {},
   "outputs": [
    {
     "name": "stdout",
     "output_type": "stream",
     "text": [
      "[[[0.14249405 0.96384068 0.01598192 0.00597196]\n",
      "  [0.74438331 0.41600995 0.93160872 0.74638548]]\n",
      "\n",
      " [[0.1752979  0.12231668 0.24608423 0.49064338]\n",
      "  [0.49968846 0.01542618 0.80590284 0.07365834]]\n",
      "\n",
      " [[0.34822863 0.27514472 0.59539204 0.372425  ]\n",
      "  [0.88153991 0.91741734 0.4613613  0.00418687]]\n",
      "\n",
      " [[0.26378266 0.64758093 0.36763613 0.81987351]\n",
      "  [0.58535681 0.93717301 0.47628268 0.40590749]]] [[[0.7140135  0.89527952 0.95777834 0.64024307]\n",
      "  [0.86750234 0.29897944 0.30681925 0.35650036]]\n",
      "\n",
      " [[0.46311013 0.97976332 0.53359996 0.64988243]\n",
      "  [0.69423274 0.98436522 0.1872945  0.3903476 ]]\n",
      "\n",
      " [[0.74088528 0.81673077 0.59399834 0.48838136]\n",
      "  [0.3400189  0.87056946 0.30492964 0.92468689]]\n",
      "\n",
      " [[0.74403001 0.2156577  0.32240005 0.22685362]\n",
      "  [0.54724939 0.9522179  0.53411908 0.20150109]]]\n"
     ]
    }
   ],
   "source": [
    "y, z = np.hsplit(x, 2)\n",
    "print(y, z)"
   ]
  },
  {
   "cell_type": "code",
   "execution_count": 28,
   "metadata": {},
   "outputs": [
    {
     "name": "stdout",
     "output_type": "stream",
     "text": [
      "(4, 4, 4)\n",
      "(4, 2, 4)\n",
      "(4, 2, 4)\n"
     ]
    }
   ],
   "source": [
    "print(x.shape)\n",
    "print(y.shape)\n",
    "print(z.shape)"
   ]
  },
  {
   "cell_type": "code",
   "execution_count": 29,
   "metadata": {},
   "outputs": [
    {
     "name": "stdout",
     "output_type": "stream",
     "text": [
      "[[[0.14249405 0.96384068 0.01598192 0.00597196]\n",
      "  [0.74438331 0.41600995 0.93160872 0.74638548]\n",
      "  [0.7140135  0.89527952 0.95777834 0.64024307]\n",
      "  [0.86750234 0.29897944 0.30681925 0.35650036]]\n",
      "\n",
      " [[0.1752979  0.12231668 0.24608423 0.49064338]\n",
      "  [0.49968846 0.01542618 0.80590284 0.07365834]\n",
      "  [0.46311013 0.97976332 0.53359996 0.64988243]\n",
      "  [0.69423274 0.98436522 0.1872945  0.3903476 ]]] [[[0.34822863 0.27514472 0.59539204 0.372425  ]\n",
      "  [0.88153991 0.91741734 0.4613613  0.00418687]\n",
      "  [0.74088528 0.81673077 0.59399834 0.48838136]\n",
      "  [0.3400189  0.87056946 0.30492964 0.92468689]]\n",
      "\n",
      " [[0.26378266 0.64758093 0.36763613 0.81987351]\n",
      "  [0.58535681 0.93717301 0.47628268 0.40590749]\n",
      "  [0.74403001 0.2156577  0.32240005 0.22685362]\n",
      "  [0.54724939 0.9522179  0.53411908 0.20150109]]]\n"
     ]
    }
   ],
   "source": [
    "y, z = np.vsplit(x, 2)\n",
    "print(y, z)"
   ]
  },
  {
   "cell_type": "code",
   "execution_count": 30,
   "metadata": {},
   "outputs": [
    {
     "name": "stdout",
     "output_type": "stream",
     "text": [
      "(4, 4, 4)\n",
      "(2, 4, 4)\n",
      "(2, 4, 4)\n"
     ]
    }
   ],
   "source": [
    "print(x.shape)\n",
    "print(y.shape)\n",
    "print(z.shape)"
   ]
  },
  {
   "cell_type": "code",
   "execution_count": 31,
   "metadata": {},
   "outputs": [
    {
     "data": {
      "text/plain": [
       "array([[[0.00597196, 0.01598192, 0.96384068, 0.14249405],\n",
       "        [0.74638548, 0.93160872, 0.41600995, 0.74438331],\n",
       "        [0.64024307, 0.95777834, 0.89527952, 0.7140135 ],\n",
       "        [0.35650036, 0.30681925, 0.29897944, 0.86750234]],\n",
       "\n",
       "       [[0.49064338, 0.24608423, 0.12231668, 0.1752979 ],\n",
       "        [0.07365834, 0.80590284, 0.01542618, 0.49968846],\n",
       "        [0.64988243, 0.53359996, 0.97976332, 0.46311013],\n",
       "        [0.3903476 , 0.1872945 , 0.98436522, 0.69423274]],\n",
       "\n",
       "       [[0.372425  , 0.59539204, 0.27514472, 0.34822863],\n",
       "        [0.00418687, 0.4613613 , 0.91741734, 0.88153991],\n",
       "        [0.48838136, 0.59399834, 0.81673077, 0.74088528],\n",
       "        [0.92468689, 0.30492964, 0.87056946, 0.3400189 ]],\n",
       "\n",
       "       [[0.81987351, 0.36763613, 0.64758093, 0.26378266],\n",
       "        [0.40590749, 0.47628268, 0.93717301, 0.58535681],\n",
       "        [0.22685362, 0.32240005, 0.2156577 , 0.74403001],\n",
       "        [0.20150109, 0.53411908, 0.9522179 , 0.54724939]]])"
      ]
     },
     "execution_count": 31,
     "metadata": {},
     "output_type": "execute_result"
    }
   ],
   "source": [
    "y = np.flip(x, axis = -1)\n",
    "y"
   ]
  },
  {
   "cell_type": "code",
   "execution_count": 32,
   "metadata": {},
   "outputs": [
    {
     "data": {
      "text/plain": [
       "array([[[0.26378266, 0.64758093, 0.36763613, 0.81987351],\n",
       "        [0.58535681, 0.93717301, 0.47628268, 0.40590749],\n",
       "        [0.74403001, 0.2156577 , 0.32240005, 0.22685362],\n",
       "        [0.54724939, 0.9522179 , 0.53411908, 0.20150109]],\n",
       "\n",
       "       [[0.34822863, 0.27514472, 0.59539204, 0.372425  ],\n",
       "        [0.88153991, 0.91741734, 0.4613613 , 0.00418687],\n",
       "        [0.74088528, 0.81673077, 0.59399834, 0.48838136],\n",
       "        [0.3400189 , 0.87056946, 0.30492964, 0.92468689]],\n",
       "\n",
       "       [[0.1752979 , 0.12231668, 0.24608423, 0.49064338],\n",
       "        [0.49968846, 0.01542618, 0.80590284, 0.07365834],\n",
       "        [0.46311013, 0.97976332, 0.53359996, 0.64988243],\n",
       "        [0.69423274, 0.98436522, 0.1872945 , 0.3903476 ]],\n",
       "\n",
       "       [[0.14249405, 0.96384068, 0.01598192, 0.00597196],\n",
       "        [0.74438331, 0.41600995, 0.93160872, 0.74638548],\n",
       "        [0.7140135 , 0.89527952, 0.95777834, 0.64024307],\n",
       "        [0.86750234, 0.29897944, 0.30681925, 0.35650036]]])"
      ]
     },
     "execution_count": 32,
     "metadata": {},
     "output_type": "execute_result"
    }
   ],
   "source": [
    "y = np.flip(x, axis = 0)\n",
    "y"
   ]
  },
  {
   "cell_type": "code",
   "execution_count": 33,
   "metadata": {},
   "outputs": [
    {
     "data": {
      "text/plain": [
       "array([[[0.86750234, 0.29897944, 0.30681925, 0.35650036],\n",
       "        [0.7140135 , 0.89527952, 0.95777834, 0.64024307],\n",
       "        [0.74438331, 0.41600995, 0.93160872, 0.74638548],\n",
       "        [0.14249405, 0.96384068, 0.01598192, 0.00597196]],\n",
       "\n",
       "       [[0.69423274, 0.98436522, 0.1872945 , 0.3903476 ],\n",
       "        [0.46311013, 0.97976332, 0.53359996, 0.64988243],\n",
       "        [0.49968846, 0.01542618, 0.80590284, 0.07365834],\n",
       "        [0.1752979 , 0.12231668, 0.24608423, 0.49064338]],\n",
       "\n",
       "       [[0.3400189 , 0.87056946, 0.30492964, 0.92468689],\n",
       "        [0.74088528, 0.81673077, 0.59399834, 0.48838136],\n",
       "        [0.88153991, 0.91741734, 0.4613613 , 0.00418687],\n",
       "        [0.34822863, 0.27514472, 0.59539204, 0.372425  ]],\n",
       "\n",
       "       [[0.54724939, 0.9522179 , 0.53411908, 0.20150109],\n",
       "        [0.74403001, 0.2156577 , 0.32240005, 0.22685362],\n",
       "        [0.58535681, 0.93717301, 0.47628268, 0.40590749],\n",
       "        [0.26378266, 0.64758093, 0.36763613, 0.81987351]]])"
      ]
     },
     "execution_count": 33,
     "metadata": {},
     "output_type": "execute_result"
    }
   ],
   "source": [
    "y = np.flip(x, axis = 1)\n",
    "y"
   ]
  },
  {
   "cell_type": "code",
   "execution_count": 34,
   "metadata": {},
   "outputs": [
    {
     "data": {
      "text/plain": [
       "array([[[0.86750234, 0.29897944, 0.30681925, 0.35650036],\n",
       "        [0.7140135 , 0.89527952, 0.95777834, 0.64024307],\n",
       "        [0.74438331, 0.41600995, 0.93160872, 0.74638548],\n",
       "        [0.14249405, 0.96384068, 0.01598192, 0.00597196]],\n",
       "\n",
       "       [[0.69423274, 0.98436522, 0.1872945 , 0.3903476 ],\n",
       "        [0.46311013, 0.97976332, 0.53359996, 0.64988243],\n",
       "        [0.49968846, 0.01542618, 0.80590284, 0.07365834],\n",
       "        [0.1752979 , 0.12231668, 0.24608423, 0.49064338]],\n",
       "\n",
       "       [[0.3400189 , 0.87056946, 0.30492964, 0.92468689],\n",
       "        [0.74088528, 0.81673077, 0.59399834, 0.48838136],\n",
       "        [0.88153991, 0.91741734, 0.4613613 , 0.00418687],\n",
       "        [0.34822863, 0.27514472, 0.59539204, 0.372425  ]],\n",
       "\n",
       "       [[0.54724939, 0.9522179 , 0.53411908, 0.20150109],\n",
       "        [0.74403001, 0.2156577 , 0.32240005, 0.22685362],\n",
       "        [0.58535681, 0.93717301, 0.47628268, 0.40590749],\n",
       "        [0.26378266, 0.64758093, 0.36763613, 0.81987351]]])"
      ]
     },
     "execution_count": 34,
     "metadata": {},
     "output_type": "execute_result"
    }
   ],
   "source": [
    "y = np.fliplr(x)\n",
    "y"
   ]
  },
  {
   "cell_type": "code",
   "execution_count": 35,
   "metadata": {},
   "outputs": [
    {
     "data": {
      "text/plain": [
       "array([[[0.26378266, 0.64758093, 0.36763613, 0.81987351],\n",
       "        [0.58535681, 0.93717301, 0.47628268, 0.40590749],\n",
       "        [0.74403001, 0.2156577 , 0.32240005, 0.22685362],\n",
       "        [0.54724939, 0.9522179 , 0.53411908, 0.20150109]],\n",
       "\n",
       "       [[0.34822863, 0.27514472, 0.59539204, 0.372425  ],\n",
       "        [0.88153991, 0.91741734, 0.4613613 , 0.00418687],\n",
       "        [0.74088528, 0.81673077, 0.59399834, 0.48838136],\n",
       "        [0.3400189 , 0.87056946, 0.30492964, 0.92468689]],\n",
       "\n",
       "       [[0.1752979 , 0.12231668, 0.24608423, 0.49064338],\n",
       "        [0.49968846, 0.01542618, 0.80590284, 0.07365834],\n",
       "        [0.46311013, 0.97976332, 0.53359996, 0.64988243],\n",
       "        [0.69423274, 0.98436522, 0.1872945 , 0.3903476 ]],\n",
       "\n",
       "       [[0.14249405, 0.96384068, 0.01598192, 0.00597196],\n",
       "        [0.74438331, 0.41600995, 0.93160872, 0.74638548],\n",
       "        [0.7140135 , 0.89527952, 0.95777834, 0.64024307],\n",
       "        [0.86750234, 0.29897944, 0.30681925, 0.35650036]]])"
      ]
     },
     "execution_count": 35,
     "metadata": {},
     "output_type": "execute_result"
    }
   ],
   "source": [
    "y = np.flipud(x)\n",
    "y"
   ]
  },
  {
   "cell_type": "code",
   "execution_count": 36,
   "metadata": {},
   "outputs": [
    {
     "data": {
      "text/plain": [
       "array([[[0.74403001, 0.2156577 , 0.32240005, 0.22685362],\n",
       "        [0.54724939, 0.9522179 , 0.53411908, 0.20150109],\n",
       "        [0.14249405, 0.96384068, 0.01598192, 0.00597196],\n",
       "        [0.74438331, 0.41600995, 0.93160872, 0.74638548]],\n",
       "\n",
       "       [[0.7140135 , 0.89527952, 0.95777834, 0.64024307],\n",
       "        [0.86750234, 0.29897944, 0.30681925, 0.35650036],\n",
       "        [0.1752979 , 0.12231668, 0.24608423, 0.49064338],\n",
       "        [0.49968846, 0.01542618, 0.80590284, 0.07365834]],\n",
       "\n",
       "       [[0.46311013, 0.97976332, 0.53359996, 0.64988243],\n",
       "        [0.69423274, 0.98436522, 0.1872945 , 0.3903476 ],\n",
       "        [0.34822863, 0.27514472, 0.59539204, 0.372425  ],\n",
       "        [0.88153991, 0.91741734, 0.4613613 , 0.00418687]],\n",
       "\n",
       "       [[0.74088528, 0.81673077, 0.59399834, 0.48838136],\n",
       "        [0.3400189 , 0.87056946, 0.30492964, 0.92468689],\n",
       "        [0.26378266, 0.64758093, 0.36763613, 0.81987351],\n",
       "        [0.58535681, 0.93717301, 0.47628268, 0.40590749]]])"
      ]
     },
     "execution_count": 36,
     "metadata": {},
     "output_type": "execute_result"
    }
   ],
   "source": [
    "y = np.roll(x, 8)\n",
    "y"
   ]
  },
  {
   "cell_type": "code",
   "execution_count": 37,
   "metadata": {},
   "outputs": [
    {
     "data": {
      "text/plain": [
       "array([[[0.86750234, 0.29897944, 0.30681925, 0.35650036],\n",
       "        [0.69423274, 0.98436522, 0.1872945 , 0.3903476 ],\n",
       "        [0.3400189 , 0.87056946, 0.30492964, 0.92468689],\n",
       "        [0.54724939, 0.9522179 , 0.53411908, 0.20150109]],\n",
       "\n",
       "       [[0.7140135 , 0.89527952, 0.95777834, 0.64024307],\n",
       "        [0.46311013, 0.97976332, 0.53359996, 0.64988243],\n",
       "        [0.74088528, 0.81673077, 0.59399834, 0.48838136],\n",
       "        [0.74403001, 0.2156577 , 0.32240005, 0.22685362]],\n",
       "\n",
       "       [[0.74438331, 0.41600995, 0.93160872, 0.74638548],\n",
       "        [0.49968846, 0.01542618, 0.80590284, 0.07365834],\n",
       "        [0.88153991, 0.91741734, 0.4613613 , 0.00418687],\n",
       "        [0.58535681, 0.93717301, 0.47628268, 0.40590749]],\n",
       "\n",
       "       [[0.14249405, 0.96384068, 0.01598192, 0.00597196],\n",
       "        [0.1752979 , 0.12231668, 0.24608423, 0.49064338],\n",
       "        [0.34822863, 0.27514472, 0.59539204, 0.372425  ],\n",
       "        [0.26378266, 0.64758093, 0.36763613, 0.81987351]]])"
      ]
     },
     "execution_count": 37,
     "metadata": {},
     "output_type": "execute_result"
    }
   ],
   "source": [
    "y = np.rot90(x)\n",
    "y"
   ]
  },
  {
   "cell_type": "code",
   "execution_count": null,
   "metadata": {},
   "outputs": [],
   "source": []
  }
 ],
 "metadata": {
  "kernelspec": {
   "display_name": "Python 3",
   "language": "python",
   "name": "python3"
  },
  "language_info": {
   "codemirror_mode": {
    "name": "ipython",
    "version": 3
   },
   "file_extension": ".py",
   "mimetype": "text/x-python",
   "name": "python",
   "nbconvert_exporter": "python",
   "pygments_lexer": "ipython3",
   "version": "3.8.3"
  }
 },
 "nbformat": 4,
 "nbformat_minor": 2
}
